1 0.288138 0.0940075
2 1.14708 0.37603
3 2.55768 0.846068
4 4.47447 1.50412
5 6.76768 2.35019
6 8.7663 3.38427
7 9.45489 4.60637
8 10.3452 6.01648
9 12.2778 7.61461
10 13.7563 9.40075
11 15.3521 11.3749
12 17.7296 13.5371
13 20.0776 15.8873
14 22.2541 18.4255
15 24.9341 21.1517
16 28.0142 24.0659
17 30.9497 27.1682
18 33.9739 30.4584
19 37.4929 33.9367
20 41.2182 37.603
21 44.8483 41.4573
22 48.6859 45.4996
23 52.9528 49.73
24 57.3427 54.1483
25 61.6964 58.7547
26 66.308 63.5491
27 71.2898 68.5315
28 76.3583 73.7019
29 81.4376 79.0603
30 86.7945 84.6068
31 92.4757 90.3412
32 98.2276 96.2637
33 104.025 102.374
34 110.106 108.673
35 116.475 115.159
36 122.909 121.834
37 129.413 128.696
38 136.199 135.747
39 143.247 142.985
40 150.356 150.412
41 157.555 158.027
42 165.03 165.829
43 172.745 173.82
44 180.521 181.999
45 188.4 190.365
46 196.548 198.92
47 204.917 207.663
48 213.349 216.593
49 221.892 225.712
50 230.697 235.019
51 239.708 244.514
52 248.782 254.196
53 257.974 264.067
54 267.419 274.126
55 277.057 284.373
56 286.758 294.808
57 296.581 305.43
58 306.65 316.241
59 316.899 327.24
60 327.21 338.427
61 337.647 349.802
62 348.32 361.365
63 359.164 373.116
64 370.068 385.055
65 381.099 397.182
66 392.359 409.497
67 403.778 422
68 415.257 434.691
69 426.863 447.57
70 438.688 460.637
71 450.664 473.892
72 462.698 487.335
73 474.857 500.966
74 487.228 514.785
75 499.74 528.792
76 512.308 542.988
77 524.999 557.371
78 537.894 571.942
79 550.921 586.701
80 564 601.648
81 577.201 616.783
82 590.597 632.107
83 604.116 647.618
84 617.685 663.317
85 631.372 679.204
86 645.245 695.28
87 659.234 711.543
88 673.269 727.994
89 687.418 744.634
90 701.744 761.461
91 716.178 778.476
92 730.654 795.68
93 745.24 813.071
94 759.996 830.651
95 774.85 848.418
96 789.741 866.373
97 804.739 884.517
98 819.897 902.848
99 835.146 921.368
100 850.427 940.075
101 865.81 958.971
102 881.345 978.054
103 896.962 997.326
104 912.606 1016.79
105 928.347 1036.43
106 944.231 1056.27
107 960.189 1076.29
108 976.17 1096.5
109 992.241 1116.9
110 1008.45 1137.49
111 1024.72 1158.27
112 1041.01 1179.23
113 1057.38 1200.38
114 1073.88 1221.72
115 1090.44 1243.25
116 1107.01 1264.97
117 1123.65 1286.87
118 1140.42 1308.96
119 1157.23 1331.24
120 1174.05 1353.71
121 1190.94 1376.36
122 1207.94 1399.21
123 1224.98 1422.24
124 1242.02 1445.46
125 1259.13 1468.87
126 1276.34 1492.46
127 1293.58 1516.25
128 1310.81 1540.22
129 1328.1 1564.38
130 1345.48 1588.73
131 1362.89 1613.26
132 1380.28 1637.99
133 1397.73 1662.9
134 1415.26 1688
135 1432.8 1713.29
136 1450.33 1738.76
137 1467.9 1764.43
138 1485.54 1790.28
139 1503.19 1816.32
140 1520.82 1842.55
141 1538.48 1868.96
142 1556.21 1895.57
143 1573.94 1922.36
144 1591.63 1949.34
145 1609.36 1976.51
146 1627.15 2003.86
147 1644.92 2031.41
148 1662.65 2059.14
149 1680.41 2087.06
150 1698.22 2115.17
151 1716.01 2143.47
152 1733.74 2171.95
153 1751.5 2200.62
154 1769.31 2229.48
155 1787.08 2258.53
156 1804.79 2287.77
157 1822.52 2317.19
158 1840.29 2346.8
159 1858.01 2376.6
160 1875.67 2406.59
161 1893.34 2436.77
162 1911.03 2467.13
163 1928.68 2497.69
164 1946.26 2528.43
165 1963.83 2559.36
166 1981.42 2590.47
167 1998.96 2621.78
168 2016.42 2653.27
169 2033.87 2684.95
170 2051.34 2716.82
171 2068.74 2748.87
172 2086.05 2781.12
173 2103.35 2813.55
174 2120.65 2846.17
175 2137.88 2878.98
176 2155.02 2911.98
177 2172.13 2945.16
178 2189.25 2978.53
179 2206.28 3012.1
180 2223.21 3045.84
181 2240.11 3079.78
182 2257 3113.91
183 2273.8 3148.22
184 2290.49 3182.72
185 2307.15 3217.41
186 2323.79 3252.28
187 2340.34 3287.35
188 2356.76 3322.6
189 2373.15 3358.04
190 2389.51 3393.67
191 2405.77 3429.49
192 2421.9 3465.49
193 2437.99 3501.69
194 2454.05 3538.07
195 2469.99 3574.64
196 2485.79 3611.39
197 2501.55 3648.34
198 2517.27 3685.47
199 2532.87 3722.79
200 2548.33 3760.3
201 2563.73 3798
202 2579.09 3835.88
203 2594.32 3873.96
204 2609.4 3912.22
205 2624.42 3950.67
206 2639.39 3989.3
207 2654.22 4028.13
208 2668.9 4067.14
209 2683.51 4106.34
210 2698.06 4145.73
211 2712.47 4185.31
212 2726.72 4225.07
213 2740.89 4265.03
214 2755.01 4305.17
215 2768.97 4345.5
216 2782.76 4386.02
217 2796.48 4426.72
218 2810.13 4467.61
219 2823.62 4508.7
220 2836.93 4549.96
221 2850.16 4591.42
222 2863.33 4633.07
223 2876.32 4674.9
224 2889.13 4716.92
225 2901.86 4759.13
226 2914.51 4801.53
227 2926.99 4844.11
228 2939.27 4886.89
229 2951.47 4929.85
230 2963.59 4973
231 2975.52 5016.34
232 2987.26 5059.86
233 2998.91 5103.58
234 3010.48 5147.48
235 3021.85 5191.57
236 3033.02 5235.84
237 3044.1 5280.31
238 3055.09 5324.96
239 3065.89 5369.8
240 3076.47 5414.83
241 3086.96 5460.05
242 3097.36 5505.46
243 3107.56 5551.05
244 3117.53 5596.83
245 3127.41 5642.8
246 3137.21 5688.96
247 3146.79 5735.31
248 3156.14 5781.84
249 3165.39 5828.56
250 3174.56 5875.47
251 3183.51 5922.57
252 3192.22 5969.85
253 3200.82 6017.33
254 3209.35 6064.99
255 3217.66 6112.84
256 3225.71 6160.88
257 3233.65 6209.1
258 3241.53 6257.52
259 3249.18 6306.12
260 3256.55 6354.91
261 3263.81 6403.89
262 3271.02 6453.05
263 3278.01 6502.41
264 3284.69 6551.95
265 3291.26 6601.68
266 3297.79 6651.6
267 3304.1 6701.7
268 3310.09 6752
269 3315.95 6802.48
270 3321.79 6853.15
271 3327.41 6904.01
272 3332.68 6955.05
273 3337.82 7006.29
274 3342.95 7057.71
275 3347.89 7109.32
276 3352.45 7161.12
277 3356.84 7213.1
278 3361.25 7265.28
279 3365.5 7317.64
280 3369.35 7370.19
281 3372.97 7422.93
282 3376.64 7475.86
283 3380.21 7528.97
284 3383.36 7582.27
285 3386.19 7635.76
286 3389.04 7689.44
287 3391.91 7743.31
288 3394.44 7797.36
289 3396.48 7851.6
290 3398.38 7906.03
291 3400.41 7960.65
292 3402.34 8015.46
293 3403.85 8070.45
294 3404.81 8125.64
295 3405.43 8181.01
296 3405.94 8236.56
297 3409.74 8292.31
298 3409.74 8348.25
299 3413.03 8404.37
300 3413.03 8460.68
