1 0.0927616 0.0940075
2 0.371036 0.37603
3 0.834794 0.846068
4 1.48398 1.50412
5 2.31853 2.35019
6 3.33836 3.38427
7 4.54334 4.60637
8 5.93335 6.01648
9 7.50823 7.61461
10 9.26782 9.40075
11 11.2119 11.3749
12 13.3403 13.5371
13 15.6528 15.8873
14 18.1491 18.4255
15 20.8289 21.1517
16 23.692 24.0659
17 26.7381 27.1682
18 29.9667 30.4584
19 33.3776 33.9367
20 36.9704 37.603
21 40.7447 41.4573
22 44.7001 45.4996
23 48.8361 49.73
24 53.1524 54.1483
25 57.6483 58.7547
26 62.3235 63.5491
27 67.1775 68.5315
28 72.2096 73.7019
29 77.4194 79.0603
30 82.8063 84.6068
31 88.3697 90.3412
32 94.109 96.2637
33 100.024 102.374
34 106.113 108.673
35 112.376 115.159
36 118.812 121.834
37 125.421 128.696
38 132.202 135.747
39 139.154 142.985
40 146.277 150.412
41 153.569 158.027
42 161.029 165.829
43 168.658 173.82
44 176.454 181.999
45 184.416 190.365
46 192.544 198.92
47 200.836 207.663
48 209.292 216.593
49 217.91 225.712
50 226.691 235.019
51 235.632 244.514
52 244.733 254.196
53 253.993 264.067
54 263.41 274.126
55 272.985 284.373
56 282.715 294.808
57 292.6 305.43
58 302.639 316.241
59 312.83 327.24
60 323.173 338.427
61 333.666 349.802
62 344.308 361.365
63 355.098 373.116
64 366.035 385.055
65 377.118 397.182
66 388.345 409.497
67 399.716 422
68 411.228 434.691
69 422.881 447.57
70 434.674 460.637
71 446.604 473.892
72 458.672 487.335
73 470.875 500.966
74 483.212 514.785
75 495.683 528.792
76 508.284 542.988
77 521.016 557.371
78 533.877 571.942
79 546.865 586.701
80 559.979 601.648
81 573.218 616.783
82 586.579 632.107
83 600.063 647.618
84 613.666 663.317
85 627.388 679.204
86 641.227 695.28
87 655.182 711.543
88 669.251 727.994
89 683.433 744.634
90 697.726 761.461
91 712.128 778.476
92 726.638 795.68
93 741.255 813.071
94 755.976 830.651
95 770.801 848.418
96 785.727 866.373
97 800.753 884.517
98 815.877 902.848
99 831.098 921.368
100 846.414 940.075
101 861.824 958.971
102 877.325 978.054
103 892.915 997.326
104 908.595 1016.79
105 924.36 1036.43
106 940.211 1056.27
107 956.144 1076.29
108 972.159 1096.5
109 988.254 1116.9
110 1004.43 1137.49
111 1020.68 1158.27
112 1037 1179.23
113 1053.39 1200.38
114 1069.86 1221.72
115 1086.39 1243.25
116 1103 1264.97
117 1119.67 1286.87
118 1136.4 1308.96
119 1153.19 1331.24
120 1170.04 1353.71
121 1186.95 1376.36
122 1203.92 1399.21
123 1220.94 1422.24
124 1238.02 1445.46
125 1255.14 1468.87
126 1272.31 1492.46
127 1289.54 1516.25
128 1306.8 1540.22
129 1324.11 1564.38
130 1341.46 1588.73
131 1358.85 1613.26
132 1376.28 1637.99
133 1393.74 1662.9
134 1411.23 1688
135 1428.76 1713.29
136 1446.32 1738.76
137 1463.91 1764.43
138 1481.52 1790.28
139 1499.15 1816.32
140 1516.81 1842.55
141 1534.49 1868.96
142 1552.19 1895.57
143 1569.9 1922.36
144 1587.63 1949.34
145 1605.37 1976.51
146 1623.12 2003.86
147 1640.88 2031.41
148 1658.65 2059.14
149 1676.42 2087.06
150 1694.19 2115.17
151 1711.97 2143.47
152 1729.74 2171.95
153 1747.51 2200.62
154 1765.28 2229.48
155 1783.04 2258.53
156 1800.79 2287.77
157 1818.53 2317.19
158 1836.26 2346.8
159 1853.97 2376.6
160 1871.67 2406.59
161 1889.35 2436.77
162 1907.01 2467.13
163 1924.64 2497.69
164 1942.26 2528.43
165 1959.84 2559.36
166 1977.4 2590.47
167 1994.93 2621.78
168 2012.42 2653.27
169 2029.89 2684.95
170 2047.31 2716.82
171 2064.7 2748.87
172 2082.05 2781.12
173 2099.36 2813.55
174 2116.63 2846.17
175 2133.85 2878.98
176 2151.02 2911.98
177 2168.15 2945.16
178 2185.22 2978.53
179 2202.24 3012.1
180 2219.21 3045.84
181 2236.12 3079.78
182 2252.97 3113.91
183 2269.77 3148.22
184 2286.5 3182.72
185 2303.16 3217.41
186 2319.77 3252.28
187 2336.3 3287.35
188 2352.77 3322.6
189 2369.16 3358.04
190 2385.49 3393.67
191 2401.74 3429.49
192 2417.91 3465.49
193 2434 3501.69
194 2450.02 3538.07
195 2465.95 3574.64
196 2481.8 3611.39
197 2497.57 3648.34
198 2513.25 3685.47
199 2528.84 3722.79
200 2544.34 3760.3
201 2559.75 3798
202 2575.06 3835.88
203 2590.28 3873.96
204 2605.41 3912.22
205 2620.43 3950.67
206 2635.36 3989.3
207 2650.19 4028.13
208 2664.91 4067.14
209 2679.52 4106.34
210 2694.03 4145.73
211 2708.44 4185.31
212 2722.73 4225.07
213 2736.91 4265.03
214 2750.98 4305.17
215 2764.93 4345.5
216 2778.77 4386.02
217 2792.5 4426.72
218 2806.1 4467.61
219 2819.58 4508.7
220 2832.94 4549.96
221 2846.18 4591.42
222 2859.3 4633.07
223 2872.28 4674.9
224 2885.15 4716.92
225 2897.88 4759.13
226 2910.48 4801.53
227 2922.95 4844.11
228 2935.29 4886.89
229 2947.49 4929.85
230 2959.56 4973
231 2971.49 5016.34
232 2983.28 5059.86
233 2994.93 5103.58
234 3006.45 5147.48
235 3017.82 5191.57
236 3029.04 5235.84
237 3040.13 5280.31
238 3051.06 5324.96
239 3061.85 5369.8
240 3072.5 5414.83
241 3082.99 5460.05
242 3093.33 5505.46
243 3103.52 5551.05
244 3113.56 5596.83
245 3123.45 5642.8
246 3133.18 5688.96
247 3142.75 5735.31
248 3152.17 5781.84
249 3161.43 5828.56
250 3170.53 5875.47
251 3179.47 5922.57
252 3188.25 5969.85
253 3196.87 6017.33
254 3205.33 6064.99
255 3213.62 6112.84
256 3221.75 6160.88
257 3229.71 6209.1
258 3237.5 6257.52
259 3245.13 6306.12
260 3252.59 6354.91
261 3259.89 6403.89
262 3267.01 6453.05
263 3273.96 6502.41
264 3280.74 6551.95
265 3287.35 6601.68
266 3293.79 6651.6
267 3300.05 6701.7
268 3306.14 6752
269 3312.05 6802.48
270 3317.79 6853.15
271 3323.36 6904.01
272 3328.74 6955.05
273 3333.95 7006.29
274 3338.98 7057.71
275 3343.84 7109.32
276 3348.51 7161.12
277 3353.01 7213.1
278 3357.33 7265.28
279 3361.46 7317.64
280 3365.42 7370.19
281 3369.19 7422.93
282 3372.78 7475.86
283 3376.2 7528.97
284 3379.42 7582.27
285 3382.47 7635.76
286 3385.33 7689.44
287 3388.01 7743.31
288 3390.51 7797.36
289 3392.82 7851.6
290 3394.95 7906.03
291 3396.89 7960.65
292 3398.65 8015.46
293 3400.23 8070.45
294 3401.62 8125.64
295 3402.82 8181.01
296 3403.84 8236.56
297 3404.68 8292.31
298 3405.33 8348.25
299 3405.79 8404.37
300 3406.07 8460.68
