1 1.13388 0.0940075
2 1.13388 0.37603
3 4.42528 0.846068
4 4.42544 1.50412
5 8.22676 2.35019
6 8.73053 3.38427
7 9.34797 4.60637
8 10.3097 6.01648
9 11.8262 7.61461
10 13.7556 9.40075
11 15.7774 11.3749
12 17.6781 13.5371
13 19.7176 15.8873
14 22.2479 18.4255
15 25.1238 21.1517
16 27.974 24.0659
17 30.7982 27.1682
18 33.9559 30.4584
19 37.5256 33.9367
20 41.1883 37.603
21 44.8084 41.4573
22 48.6589 45.4996
23 52.9076 49.73
24 57.3201 54.1483
25 61.7104 58.7547
26 66.2747 63.5491
27 71.2075 68.5315
28 76.3408 73.7019
29 81.4772 79.0603
30 86.7568 84.6068
31 92.376 90.3412
32 98.2138 96.2637
33 104.076 102.374
34 110.065 108.673
35 116.368 115.159
36 122.898 121.834
37 129.469 128.696
38 136.156 135.747
39 143.138 142.985
40 150.347 150.412
41 157.611 158.027
42 164.985 165.829
43 172.636 173.82
44 180.513 181.999
45 188.454 190.365
46 196.501 198.92
47 204.811 207.663
48 213.342 216.593
49 221.944 225.712
50 230.65 235.019
51 239.604 244.514
52 248.777 254.196
53 258.023 264.067
54 267.371 274.126
55 276.956 284.373
56 286.753 294.808
57 296.628 305.43
58 306.6 316.241
59 316.801 327.24
60 327.207 338.427
61 337.691 349.802
62 348.27 361.365
63 359.068 373.116
64 370.065 385.055
65 381.14 397.182
66 392.308 409.497
67 403.685 422
68 415.255 434.691
69 426.901 447.57
70 438.637 460.637
71 450.574 473.892
72 462.696 487.335
73 474.893 500.966
74 487.176 514.785
75 499.652 528.792
76 512.307 542.988
77 525.033 557.371
78 537.841 571.942
79 550.835 586.701
80 564 601.648
81 577.232 616.783
82 590.544 632.107
83 604.033 647.618
84 617.685 663.317
85 631.401 679.204
86 645.192 695.28
87 659.153 711.543
88 673.269 727.994
89 687.445 744.634
90 701.691 761.461
91 716.099 778.476
92 730.655 795.68
93 745.265 813.071
94 759.941 830.651
95 774.772 848.418
96 789.742 866.373
97 804.762 884.517
98 819.843 902.848
99 835.07 921.368
100 850.429 940.075
101 865.832 958.971
102 881.29 978.054
103 896.887 997.326
104 912.608 1016.79
105 928.367 1036.43
106 944.176 1056.27
107 960.117 1076.29
108 976.173 1096.5
109 992.26 1116.9
110 1008.39 1137.49
111 1024.65 1158.27
112 1041.01 1179.23
113 1057.4 1200.38
114 1073.82 1221.72
115 1090.37 1243.25
116 1107.01 1264.97
117 1123.67 1286.87
118 1140.36 1308.96
119 1157.16 1331.24
120 1174.05 1353.71
121 1190.96 1376.36
122 1207.89 1399.21
123 1224.92 1422.24
124 1242.03 1445.46
125 1259.14 1468.87
126 1276.28 1492.46
127 1293.51 1516.25
128 1310.81 1540.22
129 1328.11 1564.38
130 1345.42 1588.73
131 1362.82 1613.26
132 1380.29 1637.99
133 1397.74 1662.9
134 1415.2 1688
135 1432.74 1713.29
136 1450.33 1738.76
137 1467.91 1764.43
138 1485.48 1790.28
139 1503.13 1816.32
140 1520.82 1842.55
141 1538.49 1868.96
142 1556.15 1895.57
143 1573.88 1922.36
144 1591.64 1949.34
145 1609.37 1976.51
146 1627.08 2003.86
147 1644.86 2031.41
148 1662.66 2059.14
149 1680.42 2087.06
150 1698.16 2115.17
151 1715.94 2143.47
152 1733.75 2171.95
153 1751.51 2200.62
154 1769.24 2229.48
155 1787.02 2258.53
156 1804.8 2287.77
157 1822.53 2317.19
158 1840.22 2346.8
159 1857.95 2376.6
160 1875.68 2406.59
161 1893.35 2436.77
162 1910.97 2467.13
163 1928.62 2497.69
164 1946.27 2528.43
165 1963.84 2559.36
166 1981.36 2590.47
167 1998.9 2621.78
168 2016.43 2653.27
169 2033.88 2684.95
170 2051.27 2716.82
171 2068.68 2748.87
172 2086.06 2781.12
173 2103.35 2813.55
174 2120.59 2846.17
175 2137.82 2878.98
176 2155.03 2911.98
177 2172.14 2945.16
178 2189.18 2978.53
179 2206.22 3012.1
180 2223.22 3045.84
181 2240.11 3079.78
182 2256.93 3113.91
183 2273.74 3148.22
184 2290.51 3182.72
185 2307.16 3217.41
186 2323.72 3252.28
187 2340.28 3287.35
188 2356.78 3322.6
189 2373.15 3358.04
190 2389.44 3393.67
191 2405.71 3429.49
192 2421.92 3465.49
193 2437.99 3501.69
194 2453.97 3538.07
195 2469.93 3574.64
196 2485.82 3611.39
197 2501.56 3648.34
198 2517.2 3685.47
199 2532.82 3722.79
200 2548.35 3760.3
201 2563.73 3798
202 2579.02 3835.88
203 2594.26 3873.96
204 2609.42 3912.22
205 2624.42 3950.67
206 2639.31 3989.3
207 2654.17 4028.13
208 2668.92 4067.14
209 2683.51 4106.34
210 2697.98 4145.73
211 2712.42 4185.31
212 2726.74 4225.07
213 2740.89 4265.03
214 2754.93 4305.17
215 2768.92 4345.5
216 2782.79 4386.02
217 2796.48 4426.72
218 2810.05 4467.61
219 2823.57 4508.7
220 2836.96 4549.96
221 2850.16 4591.42
222 2863.24 4633.07
223 2876.27 4674.9
224 2889.16 4716.92
225 2901.85 4759.13
226 2914.42 4801.53
227 2926.93 4844.11
228 2939.3 4886.89
229 2951.46 4929.85
230 2963.5 4973
231 2975.47 5016.34
232 2987.3 5059.86
233 2998.9 5103.58
234 3010.38 5147.48
235 3021.8 5191.57
236 3033.06 5235.84
237 3044.09 5280.31
238 3055 5324.96
239 3065.84 5369.8
240 3076.52 5414.83
241 3086.95 5460.05
242 3097.26 5505.46
243 3107.51 5551.05
244 3117.58 5596.83
245 3127.4 5642.8
246 3137.1 5688.96
247 3146.74 5735.31
248 3156.19 5781.84
249 3165.38 5828.56
250 3174.45 5875.47
251 3183.46 5922.57
252 3192.27 5969.85
253 3200.81 6017.33
254 3209.24 6064.99
255 3217.61 6112.84
256 3225.76 6160.88
257 3233.64 6209.1
258 3241.42 6257.52
259 3249.13 6306.12
260 3256.61 6354.91
261 3263.81 6403.89
262 3270.92 6453.05
263 3277.96 6502.41
264 3284.75 6551.95
265 3291.25 6601.68
266 3297.69 6651.6
267 3304.06 6701.7
268 3310.14 6752
269 3315.93 6802.48
270 3321.69 6853.15
271 3327.37 6904.01
272 3332.72 6955.05
273 3337.8 7006.29
274 3342.87 7057.71
275 3347.85 7109.32
276 3352.47 7161.12
277 3356.82 7213.1
278 3361.21 7265.28
279 3365.48 7317.64
280 3369.31 7370.19
281 3372.94 7422.93
282 3376.67 7475.86
283 3380.19 7528.97
284 3383.21 7582.27
285 3386.15 7635.76
286 3389.23 7689.44
287 3391.91 7743.31
288 3394.08 7797.36
289 3396.43 7851.6
290 3398.81 7906.03
291 3400.41 7960.65
292 3401.88 8015.46
293 3403.82 8070.45
294 3404.71 8125.64
295 3405.4 8181.01
296 3407.39 8236.56
297 3409.69 8292.31
298 3411.6 8348.25
299 3413.01 8404.37
300 3413.87 8460.68
